Overall WER:
DEV:  0.20260978277855915
TEST: 0.2302250370570004


